-597
-613
-525
-581
-633
-597
-601
-569
-633
-589
-613
-617
-621
-617
-597
-633
-601
-617
-589
-565
-605
-597
-581
-549
-605
-589
-605
-621
-565
-589
-581
-597
-633
-593
-569
-569
-585
-633
-605
-589
-573
-581
-593
-601
-585
-597
-581
-617
-913
-4277
-5933
-5069
-3713
-2533
-1801
-1317
-1013
-845
-825
-701
-653
-681
-701
-669
-713
-657
-629
-621
-605
-657
-645
-613
-629
-637
-637
-589
-633
-653
-609
-633
-677
-613
-613
-633
-613
-605
-601
-633
-629
-621
-649
-609
-613
-625
-613
-569
-625
-637
-581
-657
-617
-621
-629
-621
-605
-621
-629
-629
-669
-613
-621
-629
-601
-617
